3778.587,2555.974
4334.799,3169.905
